3931 1962
3931.002 1961
3931.004 1960
3931.006 1959
3931.008 1958
3931.01 1958
3931.012 1957
3931.014 1956
3931.016 1955
3931.018 1954
3931.02 1952
3931.022 1951
3931.024 1950
3931.026 1949
3931.028 1947
3931.03 1945
3931.032 1944
3931.034 1942
3931.036 1941
3931.038 1939
3931.04 1937
3931.042 1936
3931.044 1934
3931.046 1931
3931.048 1928
3931.05 1926
3931.052 1922
3931.054 1919
3931.056 1914
3931.058 1909
3931.06 1904
3931.062 1898
3931.064 1891
3931.066 1884
3931.068 1876
3931.07 1866
3931.072 1856
3931.074 1844
3931.076 1830
3931.078 1813
3931.08 1794
3931.082 1774
3931.084 1750
3931.086 1725
3931.088 1696
3931.09 1663
3931.092 1628
3931.094 1591
3931.096 1550
3931.098 1508
3931.1 1464
3931.102 1420
3931.104 1376
3931.106 1333
3931.108 1292
3931.11 1253
3931.112 1216
3931.114 1184
3931.116 1153
3931.118 1127
3931.12 1105
3931.122 1092
3931.124 1084
3931.126 1084
3931.128 1090
3931.13 1101
3931.132 1119
3931.134 1141
3931.136 1168
3931.138 1199
3931.14 1236
3931.142 1279
3931.144 1324
3931.146 1369
3931.148 1414
3931.15 1457
3931.152 1502
3931.154 1545
3931.156 1586
3931.158 1623
3931.16 1655
3931.162 1682
3931.164 1705
3931.166 1724
3931.168 1743
3931.17 1758
3931.172 1772
3931.174 1786
3931.176 1795
3931.178 1801
3931.18 1809
3931.182 1816
3931.184 1822
3931.186 1826
3931.188 1829
3931.19 1832
3931.192 1834
3931.194 1836
3931.196 1837
3931.198 1838
3931.2 1838
3931.202 1839
3931.204 1839
3931.206 1839
3931.208 1838
3931.21 1838
3931.212 1838
3931.214 1838
3931.216 1837
3931.218 1837
3931.22 1837
3931.222 1835
3931.224 1834
3931.226 1834
3931.228 1833
3931.23 1832
3931.232 1831
3931.234 1830
3931.236 1829
3931.238 1829
3931.24 1828
3931.242 1827
3931.244 1826
3931.246 1826
3931.248 1825
3931.25 1824
3931.252 1823
3931.254 1823
3931.256 1821
3931.258 1820
3931.26 1820
3931.262 1819
3931.264 1818
3931.266 1817
3931.268 1817
3931.27 1816
3931.272 1816
3931.274 1815
3931.276 1815
3931.278 1814
3931.28 1813
3931.282 1812
3931.284 1812
3931.286 1810
3931.288 1809
3931.29 1808
3931.292 1807
3931.294 1806
3931.296 1805
3931.298 1803
3931.3 1802
3931.302 1800
3931.304 1799
3931.306 1798
3931.308 1797
3931.31 1795
3931.312 1794
3931.314 1793
3931.316 1792
3931.318 1791
3931.32 1789
3931.322 1788
3931.324 1787
3931.326 1786
3931.328 1785
3931.33 1784
3931.332 1782
3931.334 1780
3931.336 1779
3931.338 1778
3931.34 1777
3931.342 1775
3931.344 1774
3931.346 1772
3931.348 1771
3931.35 1770
3931.352 1768
3931.354 1766
3931.356 1765
3931.358 1764
3931.36 1762
3931.362 1761
3931.364 1759
3931.366 1757
3931.368 1756
3931.37 1755
3931.372 1753
3931.374 1752
3931.376 1751
3931.378 1750
3931.38 1748
3931.382 1747
3931.384 1746
3931.386 1746
3931.388 1745
3931.39 1744
3931.392 1743
3931.394 1742
3931.396 1742
3931.398 1741
3931.4 1741
3931.402 1740
3931.404 1739
3931.406 1739
3931.408 1738
3931.41 1738
3931.412 1737
3931.414 1737
3931.416 1736
3931.418 1735
3931.42 1735
3931.422 1734
3931.424 1733
3931.426 1732
3931.428 1731
3931.43 1729
3931.432 1728
3931.434 1727
3931.436 1725
3931.438 1724
3931.44 1723
3931.442 1722
3931.444 1721
3931.446 1720
3931.448 1720
3931.45 1719
3931.452 1718
3931.454 1717
3931.456 1716
3931.458 1715
3931.46 1714
3931.462 1713
3931.464 1712
3931.466 1710
3931.468 1709
3931.47 1708
3931.472 1706
3931.474 1705
3931.476 1704
3931.478 1703
3931.48 1702
3931.482 1700
3931.484 1699
3931.486 1698
3931.488 1698
3931.49 1697
3931.492 1695
3931.494 1695
3931.496 1694
3931.498 1693
3931.5 1692
3931.502 1691
3931.504 1690
3931.506 1689
3931.508 1688
3931.51 1687
3931.512 1686
3931.514 1685
3931.516 1683
3931.518 1682
3931.52 1681
3931.522 1679
3931.524 1678
3931.526 1677
3931.528 1675
3931.53 1674
3931.532 1673
3931.534 1672
3931.536 1671
3931.538 1670
3931.54 1669
3931.542 1668
3931.544 1667
3931.546 1666
3931.548 1665
3931.55 1665
3931.552 1664
3931.554 1664
3931.556 1663
3931.558 1663
3931.56 1662
3931.562 1661
3931.564 1661
3931.566 1660
3931.568 1659
3931.57 1658
3931.572 1656
3931.574 1654
3931.576 1653
3931.578 1652
3931.58 1650
3931.582 1649
3931.584 1648
3931.586 1646
3931.588 1644
3931.59 1643
3931.592 1642
3931.594 1641
3931.596 1640
3931.598 1639
3931.6 1637
3931.602 1637
3931.604 1636
3931.606 1635
3931.608 1634
3931.61 1633
3931.612 1632
3931.614 1631
3931.616 1631
3931.618 1630
3931.62 1628
3931.622 1628
3931.624 1627
3931.626 1626
3931.628 1625
3931.63 1624
3931.632 1623
3931.634 1622
3931.636 1621
3931.638 1619
3931.64 1618
3931.642 1617
3931.644 1616
3931.646 1614
3931.648 1613
3931.65 1612
3931.652 1611
3931.654 1610
3931.656 1609
3931.658 1608
3931.66 1608
3931.662 1606
3931.664 1605
3931.666 1604
3931.668 1603
3931.67 1602
3931.672 1601
3931.674 1600
3931.676 1599
3931.678 1598
3931.68 1597
3931.682 1596
3931.684 1594
3931.686 1593
3931.688 1592
3931.69 1591
3931.692 1590
3931.694 1589
3931.696 1588
3931.698 1587
3931.7 1585
3931.702 1584
3931.704 1583
3931.706 1582
3931.708 1581
3931.71 1580
3931.712 1578
3931.714 1577
3931.716 1575
3931.718 1575
3931.72 1574
3931.722 1572
3931.724 1571
3931.726 1571
3931.728 1570
3931.73 1569
3931.732 1568
3931.734 1567
3931.736 1566
3931.738 1564
3931.74 1563
3931.742 1562
3931.744 1561
3931.746 1559
3931.748 1558
3931.75 1557
3931.752 1555
3931.754 1554
3931.756 1553
3931.758 1552
3931.76 1551
3931.762 1550
3931.764 1548
3931.766 1546
3931.768 1545
3931.77 1544
3931.772 1543
3931.774 1542
3931.776 1541
3931.778 1541
3931.78 1540
3931.782 1539
3931.784 1538
3931.786 1538
3931.788 1537
3931.79 1536
3931.792 1536
3931.794 1535
3931.796 1534
3931.798 1534
3931.8 1533
3931.802 1532
3931.804 1531
3931.806 1530
3931.808 1529
3931.81 1529
3931.812 1528
3931.814 1528
3931.816 1527
3931.818 1526
3931.82 1525
3931.822 1524
3931.824 1523
3931.826 1522
3931.828 1521
3931.83 1520
3931.832 1519
3931.834 1517
3931.836 1516
3931.838 1515
3931.84 1514
3931.842 1513
3931.844 1512
3931.846 1511
3931.848 1509
3931.85 1509
3931.852 1508
3931.854 1507
3931.856 1506
3931.858 1504
3931.86 1503
3931.862 1501
3931.864 1500
3931.866 1499
3931.868 1498
3931.87 1497
3931.872 1495
3931.874 1494
3931.876 1493
3931.878 1492
3931.88 1492
3931.882 1491
3931.884 1490
3931.886 1489
3931.888 1488
3931.89 1487
3931.892 1486
3931.894 1485
3931.896 1484
3931.898 1483
3931.9 1481
3931.902 1480
3931.904 1479
3931.906 1478
3931.908 1477
3931.91 1476
3931.912 1475
3931.914 1474
3931.916 1473
3931.918 1472
3931.92 1471
3931.922 1470
3931.924 1469
3931.926 1468
3931.928 1467
3931.93 1467
3931.932 1466
3931.934 1464
3931.936 1464
3931.938 1463
3931.94 1462
3931.942 1460
3931.944 1459
3931.946 1458
3931.948 1456
3931.95 1455
3931.952 1452
3931.954 1449
3931.956 1446
3931.958 1443
3931.96 1439
3931.962 1434
3931.964 1429
3931.966 1421
3931.968 1415
3931.97 1407
3931.972 1399
3931.974 1387
3931.976 1375
3931.978 1362
3931.98 1347
3931.982 1330
3931.984 1312
3931.986 1292
3931.988 1271
3931.99 1247
3931.992 1223
3931.994 1198
3931.996 1173
3931.998 1149
3932 1124
3932.002 1102
3932.004 1085
3932.006 1068
3932.008 1054
3932.01 1040
3932.012 1028
3932.014 1017
3932.016 1011
3932.018 1011
3932.02 1017
3932.022 1024
3932.024 1034
3932.026 1049
3932.028 1070
3932.03 1089
3932.032 1108
3932.034 1129
3932.036 1150
3932.038 1172
3932.04 1193
3932.042 1216
3932.044 1236
3932.046 1254
3932.048 1272
3932.05 1288
3932.052 1303
3932.054 1315
3932.056 1327
3932.058 1335
3932.06 1341
3932.062 1348
3932.064 1355
3932.066 1360
3932.068 1365
3932.07 1369
3932.072 1371
3932.074 1373
3932.076 1375
3932.078 1377
3932.08 1379
3932.082 1379
3932.084 1379
3932.086 1379
3932.088 1379
3932.09 1379
3932.092 1379
3932.094 1378
3932.096 1377
3932.098 1377
3932.1 1376
3932.102 1375
3932.104 1374
3932.106 1373
3932.108 1372
3932.11 1371
3932.112 1370
3932.114 1369
3932.116 1368
3932.118 1367
3932.12 1367
3932.122 1366
3932.124 1365
3932.126 1365
3932.128 1364
3932.13 1363
3932.132 1362
3932.134 1361
3932.136 1360
3932.138 1360
3932.14 1359
3932.142 1358
3932.144 1357
3932.146 1356
3932.148 1355
3932.15 1354
3932.152 1353
3932.154 1352
3932.156 1351
3932.158 1350
3932.16 1349
3932.162 1348
3932.164 1347
3932.166 1346
3932.168 1344
3932.17 1343
3932.172 1342
3932.174 1341
3932.176 1340
3932.178 1339
3932.18 1337
3932.182 1336
3932.184 1335
3932.186 1333
3932.188 1332
3932.19 1331
3932.192 1330
3932.194 1328
3932.196 1327
3932.198 1326
3932.2 1325
3932.202 1323
3932.204 1320
3932.206 1318
3932.208 1316
3932.21 1313
3932.212 1310
3932.214 1306
3932.216 1302
3932.218 1298
3932.22 1293
3932.222 1288
3932.224 1283
3932.226 1277
3932.228 1271
3932.23 1265
3932.232 1259
3932.234 1253
3932.236 1247
3932.238 1242
3932.24 1237
3932.242 1231
3932.244 1227
3932.246 1223
3932.248 1220
3932.25 1219
3932.252 1218
3932.254 1218
3932.256 1219
3932.258 1221
3932.26 1224
3932.262 1229
3932.264 1232
3932.266 1236
3932.268 1240
3932.27 1244
3932.272 1248
3932.274 1252
3932.276 1256
3932.278 1259
3932.28 1262
3932.282 1265
3932.284 1267
3932.286 1269
3932.288 1270
3932.29 1272
3932.292 1273
3932.294 1273
3932.296 1273
3932.298 1273
3932.3 1273
3932.302 1272
3932.304 1272
3932.306 1271
3932.308 1271
3932.31 1270
3932.312 1269
3932.314 1269
3932.316 1268
3932.318 1267
3932.32 1266
3932.322 1266
3932.324 1265
3932.326 1264
3932.328 1263
3932.33 1262
3932.332 1261
3932.334 1260
3932.336 1259
3932.338 1258
3932.34 1257
3932.342 1256
3932.344 1254
3932.346 1253
3932.348 1252
3932.35 1251
3932.352 1250
3932.354 1249
3932.356 1247
3932.358 1246
3932.36 1245
3932.362 1243
3932.364 1242
3932.366 1240
3932.368 1239
3932.37 1238
3932.372 1237
3932.374 1237
3932.376 1236
3932.378 1235
3932.38 1234
3932.382 1233
3932.384 1231
3932.386 1230
3932.388 1229
3932.39 1228
3932.392 1227
3932.394 1226
3932.396 1225
3932.398 1224
3932.4 1223
3932.402 1222
3932.404 1220
3932.406 1219
3932.408 1218
3932.41 1217
3932.412 1216
3932.414 1216
3932.416 1215
3932.418 1214
3932.42 1214
3932.422 1213
3932.424 1212
3932.426 1211
3932.428 1210
3932.43 1209
3932.432 1208
3932.434 1207
3932.436 1206
3932.438 1205
3932.44 1204
3932.442 1203
3932.444 1202
3932.446 1200
3932.448 1199
3932.45 1198
3932.452 1198
3932.454 1197
3932.456 1196
3932.458 1195
3932.46 1194
3932.462 1193
3932.464 1192
3932.466 1191
3932.468 1190
3932.47 1189
3932.472 1188
3932.474 1187
3932.476 1186
3932.478 1186
3932.48 1184
3932.482 1184
3932.484 1184
3932.486 1183
3932.488 1181
3932.49 1181
3932.492 1180
3932.494 1179
3932.496 1177
3932.498 1177
3932.5 1175
3932.502 1174
3932.504 1173
3932.506 1172
3932.508 1170
3932.51 1169
3932.512 1167
3932.514 1166
3932.516 1165
3932.518 1164
3932.52 1163
3932.522 1162
3932.524 1161
3932.526 1161
3932.528 1160
3932.53 1160
3932.532 1159
3932.534 1158
3932.536 1157
3932.538 1156
3932.54 1155
3932.542 1154
3932.544 1153
3932.546 1152
3932.548 1151
3932.55 1150
3932.552 1148
3932.554 1147
3932.556 1145
3932.558 1144
3932.56 1143
3932.562 1142
3932.564 1140
3932.566 1139
3932.568 1138
3932.57 1136
3932.572 1134
3932.574 1132
3932.576 1129
3932.578 1127
3932.58 1124
3932.582 1120
3932.584 1115
3932.586 1110
3932.588 1104
3932.59 1097
3932.592 1089
3932.594 1081
3932.596 1073
3932.598 1062
3932.6 1050
3932.602 1037
3932.604 1022
3932.606 1006
3932.608 989
3932.61 972
3932.612 954
3932.614 934
3932.616 916
3932.618 898
3932.62 881
3932.622 867
3932.624 853
3932.626 839
3932.628 825
3932.63 817
3932.632 811
3932.634 810
3932.636 807
3932.638 810
3932.64 817
3932.642 826
3932.644 837
3932.646 852
3932.648 866
3932.65 881
3932.652 897
3932.654 914
3932.656 930
3932.658 947
3932.66 962
3932.662 977
3932.664 992
3932.666 1005
3932.668 1016
3932.67 1024
3932.672 1033
3932.674 1039
3932.676 1046
3932.678 1051
3932.68 1055
3932.682 1059
3932.684 1062
3932.686 1069
3932.688 1072
3932.69 1075
3932.692 1077
3932.694 1078
3932.696 1080
3932.698 1080
3932.7 1081
3932.702 1080
3932.704 1080
3932.706 1080
3932.708 1080
3932.71 1079
3932.712 1078
3932.714 1076
3932.716 1075
3932.718 1075
3932.72 1074
3932.722 1073
3932.724 1072
3932.726 1071
3932.728 1070
3932.73 1068
3932.732 1067
3932.734 1066
3932.736 1065
3932.738 1064
3932.74 1063
3932.742 1061
3932.744 1060
3932.746 1059
3932.748 1058
3932.75 1057
3932.752 1056
3932.754 1054
3932.756 1053
3932.758 1052
3932.76 1051
3932.762 1050
3932.764 1049
3932.766 1048
3932.768 1047
3932.77 1046
3932.772 1045
3932.774 1044
3932.776 1043
3932.778 1042
3932.78 1041
3932.782 1040
3932.784 1039
3932.786 1038
3932.788 1037
3932.79 1035
3932.792 1035
3932.794 1034
3932.796 1033
3932.798 1032
3932.8 1030
3932.802 1029
3932.804 1028
3932.806 1027
3932.808 1026
3932.81 1025
3932.812 1024
3932.814 1023
3932.816 1022
3932.818 1021
3932.82 1020
3932.822 1019
3932.824 1017
3932.826 1016
3932.828 1015
3932.83 1014
3932.832 1012
3932.834 1011
3932.836 1010
3932.838 1009
3932.84 1008
3932.842 1007
3932.844 1005
3932.846 1004
3932.848 1003
3932.85 1003
3932.852 1001
3932.854 1000
3932.856 999
3932.858 998
3932.86 996
3932.862 995
3932.864 994
3932.866 993
3932.868 992
3932.87 991
3932.872 989
3932.874 988
3932.876 986
3932.878 985
3932.88 983
3932.882 981
3932.884 978
3932.886 975
3932.888 973
3932.89 969
3932.892 965
3932.894 961
3932.896 958
3932.898 953
3932.9 949
3932.902 943
3932.904 938
3932.906 933
3932.908 928
3932.91 924
3932.912 919
3932.914 914
3932.916 911
3932.918 908
3932.92 905
3932.922 903
3932.924 901
3932.926 900
3932.928 901
3932.93 900
3932.932 901
3932.934 902
3932.936 904
3932.938 906
3932.94 908
3932.942 910
3932.944 913
3932.946 915
3932.948 917
3932.95 919
3932.952 921
3932.954 923
3932.956 924
3932.958 926
3932.96 927
3932.962 927
3932.964 928
3932.966 928
3932.968 928
3932.97 928
3932.972 927
3932.974 926
3932.976 926
3932.978 925
3932.98 924
3932.982 922
3932.984 921
3932.986 919
3932.988 918
3932.99 916
3932.992 915
3932.994 914
3932.996 913
3932.998 912
3933 911
3933.002 909
3933.004 908
3933.006 906
3933.008 905
3933.01 904
3933.012 903
3933.014 902
3933.016 900
3933.018 899
3933.02 898
3933.022 896
3933.024 895
3933.026 894
3933.028 892
3933.03 891
3933.032 890
3933.034 888
3933.036 887
3933.038 885
3933.04 884
3933.042 882
3933.044 881
3933.046 880
3933.048 879
3933.05 877
3933.052 876
3933.054 875
3933.056 873
3933.058 872
3933.06 870
3933.062 869
3933.064 867
3933.066 866
3933.068 864
3933.07 863
3933.072 861
3933.074 859
3933.076 858
3933.078 857
3933.08 855
3933.082 854
3933.084 853
3933.086 851
3933.088 850
3933.09 848
3933.092 847
3933.094 845
3933.096 844
3933.098 842
3933.1 841
3933.102 839
3933.104 838
3933.106 837
3933.108 836
3933.11 834
3933.112 833
3933.114 831
3933.116 830
3933.118 829
3933.12 827
3933.122 826
3933.124 825
3933.126 823
3933.128 822
3933.13 820
3933.132 819
3933.134 817
3933.136 815
3933.138 814
3933.14 813
3933.142 811
3933.144 810
3933.146 809
3933.148 807
3933.15 806
3933.152 804
3933.154 803
3933.156 801
3933.158 799
3933.16 798
3933.162 796
3933.164 794
3933.166 793
3933.168 791
3933.17 789
3933.172 788
3933.174 786
3933.176 784
3933.178 783
3933.18 782
3933.182 781
3933.184 779
3933.186 777
3933.188 776
3933.19 774
3933.192 772
3933.194 771
3933.196 769
3933.198 767
3933.2 766
3933.202 764
3933.204 763
3933.206 761
3933.208 760
3933.21 758
3933.212 756
3933.214 754
3933.216 753
3933.218 751
3933.22 749
3933.222 747
3933.224 746
3933.226 744
3933.228 743
3933.23 741
3933.232 740
3933.234 738
3933.236 736
3933.238 735
3933.24 733
3933.242 731
3933.244 730
3933.246 729
3933.248 727
3933.25 725
3933.252 724
3933.254 723
3933.256 721
3933.258 720
3933.26 718
3933.262 716
3933.264 714
3933.266 712
3933.268 711
3933.27 709
3933.272 708
3933.274 706
3933.276 704
3933.278 703
3933.28 701
3933.282 700
3933.284 698
3933.286 697
3933.288 696
3933.29 694
3933.292 693
3933.294 692
3933.296 690
3933.298 688
3933.3 688
3933.302 686
3933.304 684
3933.306 684
3933.308 682
3933.31 681
3933.312 680
3933.314 678
3933.316 677
3933.318 675
3933.32 674
3933.322 673
3933.324 672
3933.326 670
3933.328 669
3933.33 668
3933.332 667
3933.334 666
3933.336 665
3933.338 664
3933.34 663
3933.342 662
3933.344 661
3933.346 660
3933.348 660
3933.35 659
3933.352 658
3933.354 657
3933.356 656
3933.358 655
3933.36 655
3933.362 654
3933.364 653
3933.366 653
3933.368 653
3933.37 652
3933.372 652
3933.374 651
3933.376 651
3933.378 651
3933.38 650
3933.382 650
3933.384 650
3933.386 650
3933.388 649
3933.39 649
3933.392 649
3933.394 649
3933.396 649
3933.398 649
3933.4 649
3933.402 649
3933.404 650
3933.406 650
3933.408 650
3933.41 651
3933.412 651
3933.414 651
3933.416 652
3933.418 653
3933.42 653
3933.422 654
3933.424 656
3933.426 657
3933.428 658
3933.43 659
3933.432 660
3933.434 662
3933.436 663
3933.438 664
3933.44 666
3933.442 667
3933.444 669
3933.446 670
3933.448 672
3933.45 673
3933.452 675
3933.454 677
3933.456 678
3933.458 680
3933.46 682
3933.462 684
3933.464 685
3933.466 687
3933.468 689
3933.47 691
3933.472 694
3933.474 696
3933.476 698
3933.478 699
3933.48 701
3933.482 702
3933.484 704
3933.486 706
3933.488 707
3933.49 709
3933.492 711
3933.494 713
3933.496 714
3933.498 714
3933.5 716
3933.502 717
3933.504 718
3933.506 720
3933.508 720
3933.51 721
3933.512 721
3933.514 722
3933.516 722
3933.518 722
3933.52 723
3933.522 723
3933.524 722
3933.526 721
3933.528 720
3933.53 719
3933.532 718
3933.534 716
3933.536 715
3933.538 713
3933.54 712
3933.542 709
3933.544 707
3933.546 704
3933.548 702
3933.55 699
3933.552 695
3933.554 692
3933.556 688
3933.558 685
3933.56 681
3933.562 677
3933.564 672
3933.566 668
3933.568 662
3933.57 657
3933.572 653
3933.574 648
3933.576 643
3933.578 637
3933.58 631
3933.582 625
3933.584 620
3933.586 615
3933.588 609
3933.59 603
3933.592 597
3933.594 591
3933.596 585
3933.598 579
3933.6 573
3933.602 568
3933.604 562
3933.606 556
3933.608 550
3933.61 545
3933.612 539
3933.614 533
3933.616 528
3933.618 523
3933.62 518
3933.622 513
3933.624 508
3933.626 503
3933.628 499
3933.63 494
3933.632 489
3933.634 486
3933.636 482
3933.638 478
3933.64 474
3933.642 471
3933.644 468
3933.646 465
3933.648 462
3933.65 459
3933.652 457
3933.654 454
3933.656 453
3933.658 450
3933.66 449
3933.662 447
3933.664 445
3933.666 443
3933.668 442
3933.67 441
3933.672 441
3933.674 440
3933.676 439
3933.678 439
3933.68 438
3933.682 438
3933.684 437
3933.686 437
3933.688 438
3933.69 439
3933.692 439
3933.694 439
3933.696 440
3933.698 441
3933.7 442
3933.702 443
3933.704 444
3933.706 445
3933.708 447
3933.71 448
3933.712 450
3933.714 452
3933.716 453
3933.718 456
3933.72 458
3933.722 461
3933.724 463
3933.726 466
3933.728 468
3933.73 471
3933.732 474
3933.734 477
3933.736 480
3933.738 483
3933.74 487
3933.742 490
3933.744 494
3933.746 497
3933.748 501
3933.75 505
3933.752 509
3933.754 512
3933.756 516
3933.758 520
3933.76 524
3933.762 528
3933.764 533
3933.766 537
3933.768 542
3933.77 546
3933.772 550
3933.774 555
3933.776 559
3933.778 563
3933.78 567
3933.782 571
3933.784 575
3933.786 579
3933.788 583
3933.79 587
3933.792 591
3933.794 594
3933.796 598
3933.798 602
3933.8 605
3933.802 609
3933.804 612
3933.806 615
3933.808 618
3933.81 620
3933.812 623
3933.814 625
3933.816 627
3933.818 629
3933.82 631
3933.822 633
3933.824 634
3933.826 636
3933.828 637
3933.83 639
3933.832 640
3933.834 641
3933.836 642
3933.838 643
3933.84 643
3933.842 644
3933.844 645
3933.846 645
3933.848 646
3933.85 646
3933.852 646
3933.854 646
3933.856 646
3933.858 645
3933.86 645
3933.862 645
3933.864 644
3933.866 644
3933.868 643
3933.87 643
3933.872 642
3933.874 642
3933.876 642
3933.878 641
3933.88 641
3933.882 640
3933.884 640
3933.886 639
3933.888 639
3933.89 639
3933.892 638
3933.894 637
3933.896 637
3933.898 636
3933.9 636
3933.902 636
3933.904 636
3933.906 635
3933.908 635
3933.91 634
3933.912 634
3933.914 634
3933.916 634
3933.918 634
3933.92 634
3933.922 633
3933.924 633
3933.926 633
3933.928 633
3933.93 633
3933.932 633
3933.934 633
3933.936 633
3933.938 633
3933.94 634
3933.942 634
3933.944 635
3933.946 635
3933.948 636
3933.95 636
3933.952 637
3933.954 637
3933.956 638
3933.958 638
3933.96 639
3933.962 640
3933.964 640
3933.966 641
3933.968 642
3933.97 643
3933.972 644
3933.974 645
3933.976 646
3933.978 647
3933.98 648
3933.982 649
3933.984 650
3933.986 651
3933.988 653
3933.99 654
3933.992 655
3933.994 656
3933.996 657
3933.998 658
3934 659
3934.002 659
3934.004 660
3934.006 661
3934.008 663
3934.01 664
3934.012 666
3934.014 667
3934.016 668
3934.018 670
3934.02 671
3934.022 673
3934.024 675
3934.026 676
3934.028 678
3934.03 680
3934.032 681
3934.034 683
3934.036 685
3934.038 686
3934.04 688
3934.042 690
3934.044 692
3934.046 693
3934.048 695
3934.05 696
3934.052 698
3934.054 700
3934.056 702
3934.058 704
3934.06 706
3934.062 708
3934.064 709
3934.066 711
3934.068 713
3934.07 715
3934.072 717
3934.074 719
3934.076 721
3934.078 723
3934.08 725
3934.082 727
3934.084 729
3934.086 731
3934.088 733
3934.09 735
3934.092 737
3934.094 739
3934.096 741
3934.098 743
3934.1 745
3934.102 747
3934.104 748
3934.106 750
3934.108 752
3934.11 754
3934.112 755
3934.114 757
3934.116 759
3934.118 760
3934.12 762
3934.122 763
3934.124 765
3934.126 767
3934.128 768
3934.13 769
3934.132 771
3934.134 772
3934.136 773
3934.138 774
3934.14 776
3934.142 777
3934.144 779
3934.146 780
3934.148 782
3934.15 783
3934.152 785
3934.154 786
3934.156 788
3934.158 789
3934.16 791
3934.162 793
3934.164 794
3934.166 796
3934.168 798
3934.17 800
3934.172 802
3934.174 803
3934.176 804
3934.178 806
3934.18 807
3934.182 808
3934.184 809
3934.186 811
3934.188 813
3934.19 814
3934.192 815
3934.194 817
3934.196 818
3934.198 819
3934.2 821
3934.202 822
3934.204 824
3934.206 825
3934.208 827
3934.21 829
3934.212 830
3934.214 832
3934.216 833
3934.218 835
3934.22 837
3934.222 838
3934.224 840
3934.226 841
3934.228 842
3934.23 844
3934.232 845
3934.234 847
3934.236 848
3934.238 849
3934.24 850
3934.242 852
3934.244 853
3934.246 854
3934.248 855
3934.25 857
3934.252 858
3934.254 859
3934.256 861
3934.258 863
3934.26 864
3934.262 865
3934.264 867
3934.266 869
3934.268 870
3934.27 872
3934.272 873
3934.274 874
3934.276 876
3934.278 877
3934.28 879
3934.282 881
3934.284 882
3934.286 883
3934.288 885
3934.29 886
3934.292 888
3934.294 889
3934.296 891
3934.298 892
3934.3 894
3934.302 895
3934.304 896
3934.306 898
3934.308 900
3934.31 900
3934.312 902
3934.314 904
3934.316 905
3934.318 906
3934.32 908
3934.322 909
3934.324 910
3934.326 911
3934.328 912
3934.33 914
3934.332 915
3934.334 916
3934.336 917
3934.338 918
3934.34 919
3934.342 921
3934.344 922
3934.346 923
3934.348 924
3934.35 926
3934.352 928
3934.354 929
3934.356 931
3934.358 932
3934.36 933
3934.362 934
3934.364 935
3934.366 937
3934.368 938
3934.37 939
3934.372 941
3934.374 942
3934.376 943
3934.378 944
3934.38 946
3934.382 947
3934.384 948
3934.386 950
3934.388 951
3934.39 952
3934.392 954
3934.394 955
3934.396 956
3934.398 957
3934.4 959
3934.402 960
3934.404 961
3934.406 962
3934.408 963
3934.41 965
3934.412 966
3934.414 967
3934.416 969
3934.418 970
3934.42 971
3934.422 973
3934.424 974
3934.426 976
3934.428 977
3934.43 979
3934.432 981
3934.434 982
3934.436 983
3934.438 985
3934.44 986
3934.442 986
3934.444 988
3934.446 989
3934.448 990
3934.45 992
3934.452 993
3934.454 994
3934.456 995
3934.458 996
3934.46 997
3934.462 998
3934.464 999
3934.466 1000
3934.468 1001
3934.47 1003
3934.472 1004
3934.474 1005
3934.476 1007
3934.478 1008
3934.48 1010
3934.482 1011
3934.484 1013
3934.486 1014
3934.488 1016
3934.49 1017
3934.492 1019
3934.494 1021
3934.496 1022
3934.498 1024
3934.5 1025
3934.502 1026
3934.504 1028
3934.506 1029
3934.508 1029
3934.51 1030
3934.512 1032
3934.514 1033
3934.516 1034
3934.518 1036
3934.52 1037
3934.522 1038
3934.524 1039
3934.526 1040
3934.528 1042
3934.53 1043
3934.532 1044
3934.534 1046
3934.536 1047
3934.538 1048
3934.54 1049
3934.542 1051
3934.544 1052
3934.546 1053
3934.548 1054
3934.55 1055
3934.552 1056
3934.554 1058
3934.556 1059
3934.558 1060
3934.56 1061
3934.562 1062
3934.564 1064
3934.566 1065
3934.568 1066
3934.57 1067
3934.572 1068
3934.574 1070
3934.576 1071
3934.578 1072
3934.58 1073
3934.582 1075
3934.584 1076
3934.586 1077
3934.588 1078
3934.59 1079
3934.592 1081
3934.594 1082
3934.596 1083
3934.598 1084
3934.6 1086
3934.602 1087
3934.604 1088
3934.606 1090
3934.608 1091
3934.61 1092
3934.612 1093
3934.614 1095
3934.616 1096
3934.618 1098
3934.62 1099
3934.622 1100
3934.624 1101
3934.626 1102
3934.628 1104
3934.63 1105
3934.632 1106
3934.634 1107
3934.636 1109
3934.638 1110
3934.64 1111
3934.642 1112
3934.644 1113
3934.646 1114
3934.648 1115
3934.65 1117
3934.652 1118
3934.654 1119
3934.656 1120
3934.658 1121
3934.66 1122
3934.662 1123
3934.664 1124
3934.666 1125
3934.668 1126
3934.67 1127
3934.672 1128
3934.674 1130
3934.676 1131
3934.678 1132
3934.68 1133
3934.682 1135
3934.684 1136
3934.686 1137
3934.688 1138
3934.69 1140
3934.692 1141
3934.694 1142
3934.696 1144
3934.698 1145
3934.7 1146
3934.702 1148
3934.704 1149
3934.706 1150
3934.708 1152
3934.71 1153
3934.712 1154
3934.714 1156
3934.716 1156
3934.718 1158
3934.72 1159
3934.722 1160
3934.724 1161
3934.726 1162
3934.728 1163
3934.73 1165
3934.732 1166
3934.734 1167
3934.736 1169
3934.738 1170
3934.74 1171
3934.742 1173
3934.744 1173
3934.746 1175
3934.748 1177
3934.75 1178
3934.752 1181
3934.754 1182
3934.756 1183
3934.758 1185
3934.76 1186
3934.762 1187
3934.764 1189
3934.766 1190
3934.768 1192
3934.77 1193
3934.772 1195
3934.774 1196
3934.776 1197
3934.778 1198
3934.78 1199
3934.782 1200
3934.784 1201
3934.786 1202
3934.788 1203
3934.79 1204
3934.792 1205
3934.794 1206
3934.796 1207
3934.798 1207
3934.8 1208
3934.802 1209
3934.804 1210
3934.806 1211
3934.808 1212
3934.81 1213
3934.812 1214
3934.814 1215
3934.816 1216
3934.818 1217
3934.82 1219
3934.822 1219
3934.824 1221
3934.826 1222
3934.828 1223
3934.83 1224
3934.832 1225
3934.834 1226
3934.836 1227
3934.838 1228
3934.84 1230
3934.842 1231
3934.844 1231
3934.846 1232
3934.848 1233
3934.85 1233
3934.852 1234
3934.854 1235
3934.856 1235
3934.858 1236
3934.86 1237
3934.862 1238
3934.864 1238
3934.866 1239
3934.868 1240
3934.87 1241
3934.872 1242
3934.874 1243
3934.876 1244
3934.878 1244
3934.88 1245
3934.882 1246
3934.884 1247
3934.886 1248
3934.888 1249
3934.89 1250
3934.892 1251
3934.894 1253
3934.896 1253
3934.898 1254
3934.9 1255
3934.902 1256
3934.904 1257
3934.906 1258
3934.908 1259
3934.91 1260
3934.912 1261
3934.914 1262
3934.916 1263
3934.918 1264
3934.92 1266
3934.922 1267
3934.924 1268
3934.926 1269
3934.928 1270
3934.93 1271
3934.932 1273
3934.934 1273
3934.936 1274
3934.938 1276
3934.94 1277
3934.942 1278
3934.944 1279
3934.946 1280
3934.948 1281
3934.95 1282
3934.952 1284
3934.954 1285
3934.956 1286
3934.958 1287
3934.96 1289
3934.962 1290
3934.964 1291
3934.966 1292
3934.968 1293
3934.97 1295
3934.972 1296
3934.974 1297
3934.976 1298
3934.978 1299
3934.98 1299
3934.982 1300
3934.984 1301
3934.986 1302
3934.988 1303
3934.99 1305
3934.992 1305
3934.994 1306
3934.996 1307
3934.998 1307
3935 1308
3935.002 1310
3935.004 1311
3935.006 1312
3935.008 1314
3935.01 1315
3935.012 1316
3935.014 1317
3935.016 1318
3935.018 1318
3935.02 1319
3935.022 1320
3935.024 1321
3935.026 1322
3935.028 1323
3935.03 1324
3935.032 1324
3935.034 1325
3935.036 1326
3935.038 1328
3935.04 1329
3935.042 1330
3935.044 1331
3935.046 1332
3935.048 1333
3935.05 1334
3935.052 1335
3935.054 1336
3935.056 1337
3935.058 1337
3935.06 1338
3935.062 1339
3935.064 1340
3935.066 1341
3935.068 1342
3935.07 1343
3935.072 1344
3935.074 1345
3935.076 1345
3935.078 1346
3935.08 1347
3935.082 1347
3935.084 1348
3935.086 1349
3935.088 1350
3935.09 1350
3935.092 1351
3935.094 1353
3935.096 1354
3935.098 1354
3935.1 1355
3935.102 1356
3935.104 1357
3935.106 1358
3935.108 1359
3935.11 1360
3935.112 1362
3935.114 1362
3935.116 1363
3935.118 1364
3935.12 1365
3935.122 1366
3935.124 1367
3935.126 1369
3935.128 1370
3935.13 1371
3935.132 1372
3935.134 1373
3935.136 1375
3935.138 1376
3935.14 1377
3935.142 1378
3935.144 1379
3935.146 1380
3935.148 1382
3935.15 1383
3935.152 1384
3935.154 1386
3935.156 1387
3935.158 1388
3935.16 1389
3935.162 1390
3935.164 1392
3935.166 1392
3935.168 1394
3935.17 1395
3935.172 1396
3935.174 1398
3935.176 1399
3935.178 1400
3935.18 1401
3935.182 1402
3935.184 1404
3935.186 1405
3935.188 1406
3935.19 1407
3935.192 1408
3935.194 1409
3935.196 1410
3935.198 1411
3935.2 1412
3935.202 1414
3935.204 1415
3935.206 1416
3935.208 1417
3935.21 1418
3935.212 1419
3935.214 1421
3935.216 1421
3935.218 1422
3935.22 1423
3935.222 1424
3935.224 1425
3935.226 1426
3935.228 1427
3935.23 1428
3935.232 1429
3935.234 1430
3935.236 1431
3935.238 1431
3935.24 1432
3935.242 1433
3935.244 1433
3935.246 1434
3935.248 1434
3935.25 1434
3935.252 1435
3935.254 1435
3935.256 1434
3935.258 1433
3935.26 1431
3935.262 1429
3935.264 1426
3935.266 1424
3935.268 1420
3935.27 1415
3935.272 1410
3935.274 1403
3935.276 1396
3935.278 1388
3935.28 1379
3935.282 1370
3935.284 1358
3935.286 1343
3935.288 1328
3935.29 1312
3935.292 1294
3935.294 1276
3935.296 1257
3935.298 1239
3935.3 1221
3935.302 1205
3935.304 1192
3935.306 1182
3935.308 1175
3935.31 1169
3935.312 1164
3935.314 1163
3935.316 1167
3935.318 1174
3935.32 1184
3935.322 1200
3935.324 1216
3935.326 1234
3935.328 1251
3935.33 1270
3935.332 1291
3935.334 1312
3935.336 1334
3935.338 1354
3935.34 1373
3935.342 1389
3935.344 1406
3935.346 1419
3935.348 1432
3935.35 1442
3935.352 1451
3935.354 1458
3935.356 1465
3935.358 1472
3935.36 1477
3935.362 1482
3935.364 1487
3935.366 1491
3935.368 1495
3935.37 1498
3935.372 1501
3935.374 1503
3935.376 1505
3935.378 1507
3935.38 1509
3935.382 1511
3935.384 1512
3935.386 1514
3935.388 1515
3935.39 1517
3935.392 1518
3935.394 1519
3935.396 1520
3935.398 1520
3935.4 1521
3935.402 1522
3935.404 1524
3935.406 1524
3935.408 1525
3935.41 1526
3935.412 1526
3935.414 1527
3935.416 1528
3935.418 1529
3935.42 1530
3935.422 1531
3935.424 1532
3935.426 1533
3935.428 1534
3935.43 1535
3935.432 1536
3935.434 1537
3935.436 1538
3935.438 1539
3935.44 1540
3935.442 1541
3935.444 1542
3935.446 1543
3935.448 1544
3935.45 1545
3935.452 1546
3935.454 1548
3935.456 1549
3935.458 1549
3935.46 1550
3935.462 1551
3935.464 1553
3935.466 1553
3935.468 1554
3935.47 1555
3935.472 1556
3935.474 1558
3935.476 1559
3935.478 1560
3935.48 1561
3935.482 1561
3935.484 1562
3935.486 1563
3935.488 1564
3935.49 1565
3935.492 1566
3935.494 1568
3935.496 1569
3935.498 1570
3935.5 1571
3935.502 1572
3935.504 1573
3935.506 1575
3935.508 1576
3935.51 1577
3935.512 1577
3935.514 1578
3935.516 1579
3935.518 1580
3935.52 1581
3935.522 1582
3935.524 1582
3935.526 1582
3935.528 1583
3935.53 1583
3935.532 1583
3935.534 1583
3935.536 1583
3935.538 1582
3935.54 1581
3935.542 1580
3935.544 1579
3935.546 1578
3935.548 1576
3935.55 1575
3935.552 1573
3935.554 1570
3935.556 1568
3935.558 1565
3935.56 1561
3935.562 1558
3935.564 1554
3935.566 1551
3935.568 1547
3935.57 1542
3935.572 1538
3935.574 1535
3935.576 1530
3935.578 1526
3935.58 1522
3935.582 1517
3935.584 1513
3935.586 1509
3935.588 1505
3935.59 1501
3935.592 1498
3935.594 1495
3935.596 1492
3935.598 1489
3935.6 1487
3935.602 1486
3935.604 1484
3935.606 1483
3935.608 1482
3935.61 1481
3935.612 1481
3935.614 1480
3935.616 1479
3935.618 1479
3935.62 1479
3935.622 1478
3935.624 1478
3935.626 1477
3935.628 1476
3935.63 1477
3935.632 1476
3935.634 1476
3935.636 1476
3935.638 1476
3935.64 1476
3935.642 1476
3935.644 1477
3935.646 1476
3935.648 1477
3935.65 1479
3935.652 1481
3935.654 1483
3935.656 1485
3935.658 1488
3935.66 1490
3935.662 1494
3935.664 1497
3935.666 1500
3935.668 1503
3935.67 1507
3935.672 1510
3935.674 1515
3935.676 1518
3935.678 1521
3935.68 1524
3935.682 1527
3935.684 1530
3935.686 1532
3935.688 1534
3935.69 1536
3935.692 1537
3935.694 1537
3935.696 1538
3935.698 1538
3935.7 1537
3935.702 1536
3935.704 1535
3935.706 1534
3935.708 1533
3935.71 1531
3935.712 1529
3935.714 1527
3935.716 1525
3935.718 1524
3935.72 1522
3935.722 1521
3935.724 1520
3935.726 1520
3935.728 1520
3935.73 1520
3935.732 1522
3935.734 1524
3935.736 1527
3935.738 1531
3935.74 1534
3935.742 1539
3935.744 1543
3935.746 1548
3935.748 1551
3935.75 1557
3935.752 1564
3935.754 1569
3935.756 1573
3935.758 1577
3935.76 1580
3935.762 1580
3935.764 1578
3935.766 1573
3935.768 1566
3935.77 1557
3935.772 1545
3935.774 1531
3935.776 1513
3935.778 1490
3935.78 1461
3935.782 1429
3935.784 1393
3935.786 1353
3935.788 1310
3935.79 1267
3935.792 1222
3935.794 1176
3935.796 1131
3935.798 1088
3935.8 1048
3935.802 1010
3935.804 975
3935.806 943
3935.808 916
3935.81 892
3935.812 873
3935.814 858
3935.816 846
3935.818 841
3935.82 841
3935.822 844
3935.824 850
3935.826 860
3935.828 875
3935.83 895
3935.832 920
3935.834 948
3935.836 980
3935.838 1013
3935.84 1048
3935.842 1084
3935.844 1121
3935.846 1157
3935.848 1192
3935.85 1225
3935.852 1256
3935.854 1285
3935.856 1311
3935.858 1335
3935.86 1356
3935.862 1377
3935.864 1395
3935.866 1414
3935.868 1432
3935.87 1451
3935.872 1469
3935.874 1488
3935.876 1506
3935.878 1524
3935.88 1541
3935.882 1558
3935.884 1574
3935.886 1587
3935.888 1599
3935.89 1608
3935.892 1616
3935.894 1625
3935.896 1630
3935.898 1636
3935.9 1639
3935.902 1642
3935.904 1643
3935.906 1642
3935.908 1640
3935.91 1638
3935.912 1634
3935.914 1630
3935.916 1624
3935.918 1618
3935.92 1610
3935.922 1601
3935.924 1592
3935.926 1579
3935.928 1565
3935.93 1550
3935.932 1533
3935.934 1511
3935.936 1488
3935.938 1460
3935.94 1431
3935.942 1399
3935.944 1365
3935.946 1329
3935.948 1294
3935.95 1255
3935.952 1216
3935.954 1177
3935.956 1140
3935.958 1106
3935.96 1074
3935.962 1046
3935.964 1021
3935.966 1000
3935.968 981
3935.97 967
3935.972 959
3935.974 954
3935.976 955
3935.978 960
3935.98 969
3935.982 983
3935.984 1003
3935.986 1026
3935.988 1054
3935.99 1084
3935.992 1120
3935.994 1160
3935.996 1203
3935.998 1247
3936 1288
4000.1 9660